{
  "source": {
    "transforms": "transforms.json",
    "dataparserTransforms": "dataparser_transforms.json"
  },
  "coordinateSpace": "nerfstudio_export",
  "count": 734,
  "durationSeconds": 24.50166700000409,
  "bounds": {
    "min": [
      -0.3438610903534344,
      -0.3762497742698094,
      -1.0000000516288081
    ],
    "max": [
      0.4179800565741677,
      0.3034701442936513,
      0.556379976798241
    ]
  },
  "frames": [
    {
      "videoFrameIndex": 0,
      "timestamp": 714145.179694083,
      "position": [
        0.20497879674425912,
        -0.3210803538159997,
        0.5383020958254588
      ],
      "transformMatrix": [
        [
          0.9651512445888528,
          0.009873231062608068,
          -0.26150630773753963,
          0.20497879674425912
        ],
        [
          -0.26169251366649016,
          0.03547087536534854,
          -0.9644993720093705,
          -0.3210803538159997
        ],
        [
          -0.0002468803280808035,
          0.9993221093072622,
          0.0368184713101008,
          0.5383020958254588
        ],
        [
          0.0,
          0.0,
          0.0,
          1.0
        ]
      ]
    },
    {
      "videoFrameIndex": 1,
      "timestamp": 714145.2130270831,
      "position": [
        0.2001751193546911,
        -0.3237764061222739,
        0.5428935756198653
      ],
      "transformMatrix": [
        [
          0.9651336544706388,
          0.009874307591625414,
          -0.26157117896909715,
          0.2001751193546911
        ],
        [
          -0.2617569252580607,
          0.0343213971341339,
          -0.9645234818774231,
          -0.3237764061222739
        ],
        [
          -0.0005465260761100543,
          0.9993622373788993,
          0.035709364879726924,
          0.5428935756198653
        ],
        [
          0.0,
          0.0,
          0.0,
          1.0
        ]
      ]
    },
    {
      "videoFrameIndex": 2,
      "timestamp": 714145.246361083,
      "position": [
        0.19304723201171242,
        -0.335355230315966,
        0.5381252369903723
      ],
      "transformMatrix": [
        [
          0.9652430510084006,
          0.009784163080718791,
          -0.26117059030900097,
          0.19304723201171242
        ],
        [
          -0.2613532316562416,
          0.034046772240504064,
          -0.9646426793987413,
          -0.335355230315966
        ],
        [
          -0.0005462185168770423,
          0.9993725177242436,
          0.035420493964129274,
          0.5381252369903723
        ],
        [
          0.0,
          0.0,
          0.0,
          1.0
        ]
      ]
    },
    {
      "videoFrameIndex": 3,
      "timestamp": 714145.279694083,
      "position": [
        0.18585882430414327,
        -0.34990148368366447,
        0.5313771637501459
      ],
      "transformMatrix": [
        [
          0.9656552898123926,
          0.00945835442528873,
          -0.2596542997881178,
          0.18585882430414327
        ],
        [
          -0.25982625948588006,
          0.03374659327071555,
          -0.9650656328141303,
          -0.34990148368366447
        ],
        [
          -0.00036549749973120715,
          0.9993858357425321,
          0.03504506610927033,
          0.5313771637501459
        ],
        [
          0.0,
          0.0,
          0.0,
          1.0
        ]
      ]
    },
    {
      "videoFrameIndex": 4,
      "timestamp": 714145.3130270831,
      "position": [
        0.18460516644618993,
        -0.36402294762256204,
        0.5288288328046551
      ],
      "transformMatrix": [
        [
          0.9661458906695768,
          0.009365348167698719,
          -0.2578262259847436,
          0.18460516644618993
        ],
        [
          -0.25799543868871444,
          0.03253466879079542,
          -0.9655982820289354,
          -0.36402294762256204
        ],
        [
          -0.0006548859273996788,
          0.9994268993746911,
          0.03384941447850498,
          0.5288288328046551
        ],
        [
          0.0,
          0.0,
          0.0,
          1.0
        ]
      ]
    },
    {
      "videoFrameIndex": 5,
      "timestamp": 714145.3463610831,
      "position": [
        0.18384014540031926,
        -0.3552771135211816,
        0.5321089716854362
      ],
      "transformMatrix": [
        [
          0.9665713741014459,
          0.008702780124870385,
          -0.25624986828345625,
          0.18384014540031926
        ],
        [
          -0.2563968985824203,
          0.03044848885589213,
          -0.9660919796988532,
          -0.3552771135211816
        ],
        [
          -0.0006052774400636673,
          0.9994986206077152,
          0.03166196412606043,
          0.5321089716854362
        ],
        [
          0.0,
          0.0,
          0.0,
          1.0
        ]
      ]
    },
    {
      "videoFrameIndex": 6,
      "timestamp": 714145.379694083,
      "position": [
        0.18780740432595108,
        -0.3608426620485409,
        0.530332479791753
      ],
      "transformMatrix": [
        [
          0.967120879774736,
          0.008110847944077237,
          -0.2541876721222264,
          0.18780740432595108
        ],
        [
          -0.2543168181588032,
          0.02950013094298909,
          -0.966671035870357,
          -0.3608426620485409
        ],
        [
          -0.00034196467475070685,
          0.9995320394067433,
          0.030592878082689734,
          0.530332479791753
        ],
        [
          0.0,
          0.0,
          0.0,
          1.0
        ]
      ]
    },
    {
      "videoFrameIndex": 7,
      "timestamp": 714145.413027083,
      "position": [
        0.1853734698743132,
        -0.37131640698098284,
        0.5141234157455049
      ],
      "transformMatrix": [
        [
          0.967694614456368,
          0.008392847907690425,
          -0.2519854120096791,
          0.1853734698743132
        ],
        [
          -0.25212313367499944,
          0.02821811496157678,
          -0.9672837519407912,
          -0.37131640698098284
        ],
        [
          -0.001007724558647699,
          0.9995667258204592,
          0.029422509301645083,
          0.5141234157455049
        ],
        [
          0.0,
          0.0,
          0.0,
          1.0
        ]
      ]
    },
    {
      "videoFrameIndex": 8,
      "timestamp": 714145.4463610831,
      "position": [
        0.18107080309607243,
        -0.3762497742698094,
        0.5003629323872371
      ],
      "transformMatrix": [
        [
          0.9683210868853205,
          0.00956554749869,
          -0.2495250039651939,
          0.18107080309607243
        ],
        [
          -0.24969891438491357,
          0.028433482800806043,
          -0.9679060814591218,
          -0.3762497742698094
        ],
        [
          -0.0021636991614848167,
          0.9995500881098232,
          0.02992120812079868,
          0.5003629323872371
        ],
        [
          0.0,
          0.0,
          0.0,
          1.0
        ]
      ]
    },
    {
      "videoFrameIndex": 9,
      "timestamp": 714145.4796940831,
      "position": [
        0.18166680345483516,
        -0.3731623949250241,
        0.49078803180202496
      ],
      "transformMatrix": [
        [
          0.9687780561395279,
          0.010227895297459016,
          -0.24771843433594082,
          0.18166680345483516
        ],
        [
          -0.24791217793408266,
          0.0281535052986559,
          -0.9683734431954021,
          -0.3731623949250241
        ],
        [
          -0.00293029240051626,
          0.9995514551799487,
          0.029810078227321457,
          0.49078803180202496
        ],
        [
          0.0,
          0.0,
          0.0,
          1.0
        ]
      ]
    },
    {
      "videoFrameIndex": 10,
      "timestamp": 714145.513027083,
      "position": [
        0.18755942954741456,
        -0.36144920295199334,
        0.4830942252808098
      ],
      "transformMatrix": [
        [
          0.9688055075441184,
          0.010219492565663374,
          -0.2476113994416079,
          0.18755942954741456
        ],
        [
          -0.24780355482387598,
          0.027690250770129488,
          -0.9684146020913142,
          -0.36144920295199334
        ],
        [
          -0.0030402965565285017,
          0.9995644817628258,
          0.029358854284298463,
          0.4830942252808098
        ],
        [
          0.0,
          0.0,
          0.0,
          1.0
        ]
      ]
    },
    {
      "videoFrameIndex": 11,
      "timestamp": 714145.546361083,
      "position": [
        0.19152155521576894,
        -0.34255202642884847,
        0.4733783104188814
      ],
      "transformMatrix": [
        [
          0.9685853805707753,
          0.00965129039413442,
          -0.24849379820800882,
          0.19152155521576894
        ],
        [
          -0.24866816677969705,
          0.027375917687214535,
          -0.9682018876639046,
          -0.34255202642884847
        ],
        [
          -0.002541664276901001,
          0.9995787877510295,
          0.028915842555777782,
          0.4733783104188814
        ],
        [
          0.0,
          0.0,
          0.0,
          1.0
        ]
      ]
    },
    {
      "videoFrameIndex": 12,
      "timestamp": 714145.5796940831,
      "position": [
        0.19841496681381712,
        -0.3267658440218239,
        0.47277030557422206
      ],
      "transformMatrix": [
        [
          0.9680750548691933,
          0.009829628832284554,
          -0.25046760498430903,
          0.19841496681381712
        ],
        [
          -0.25065039321244564,
          0.029025122745198417,
          -0.967642555878364,
          -0.3267658440218239
        ],
        [
          -0.0022417267111354486,
          0.9995305207824146,
          0.030562258025423283,
          0.47277030557422206
        ],
        [
          0.0,
          0.0,
          0.0,
          1.0
        ]
      ]
    },
    {
      "videoFrameIndex": 13,
      "timestamp": 714145.6130270831,
      "position": [
        0.20407082346727382,
        -0.31403274270677317,
        0.48014730099414415
      ],
      "transformMatrix": [
        [
          0.9673011332540258,
          0.010062050241054887,
          -0.25343091240014926,
          0.20407082346727382
        ],
        [
          -0.2536225459791671,
          0.030417164307356637,
          -0.9668250067107724,
          -0.31403274270677317
        ],
        [
          -0.0020196047210679358,
          0.9994868146699687,
          0.03197448087889765,
          0.48014730099414415
        ],
        [
          0.0,
          0.0,
          0.0,
          1.0
        ]
      ]
    },
    {
      "videoFrameIndex": 14,
      "timestamp": 714145.646361083,
      "position": [
        0.200229256513831,
        -0.3068865095304531,
        0.4796927012560488
      ],
      "transformMatrix": [
        [
          0.9667506050391989,
          0.010873579647720566,
          -0.25548970141971616,
          0.200229256513831
        ],
        [
          -0.255712894994825,
          0.033156528281190145,
          -0.96618411976209,
          -0.3068865095304531
        ],
        [
          -0.002034741195481124,
          0.9993911904493341,
          0.03483456918572286,
          0.4796927012560488
        ],
        [
          0.0,
          0.0,
          0.0,
          1.0
        ]
      ]
    },
    {
      "videoFrameIndex": 15,
      "timestamp": 714145.679694083,
      "position": [
        0.2010276770667187,
        -0.3067905900778157,
        0.48371836556358216
      ],
      "transformMatrix": [
        [
          0.9669105224404386,
          0.010414800579964544,
          -0.25490297788057614,
          0.2010276770667187
        ],
        [
          -0.25511176409304354,
          0.033952327388518666,
          -0.9663153836098122,
          -0.3067905900778157
        ],
        [
          -0.0014094452997728407,
          0.9993693577004656,
          0.0354857616957856,
          0.48371836556358216
        ],
        [
          0.0,
          0.0,
          0.0,
          1.0
        ]
      ]
    },
    {
      "videoFrameIndex": 16,
      "timestamp": 714145.7130270831,
      "position": [
        0.2008077087144152,
        -0.31296378719283685,
        0.48831562997345995
      ],
      "transformMatrix": [
        [
          0.9676048332247685,
          0.00928880780794017,
          -0.2522985520749629,
          0.2008077087144152
        ],
        [
          -0.2524691340559769,
          0.03392075044430343,
          -0.9670102958878259,
          -0.31296378719283685
        ],
        [
          -0.00042422899364332606,
          0.9993815299786786,
          0.0351669802095842,
          0.48831562997345995
        ],
        [
          0.0,
          0.0,
          0.0,
          1.0
        ]
      ]
    },
    {
      "videoFrameIndex": 17,
      "timestamp": 714145.746361083,
      "position": [
        0.20963150611259643,
        -0.3098680802943014,
        0.49023967164109905
      ],
      "transformMatrix": [
        [
          0.9680188834729053,
          0.007814396108611052,
          -0.2507555205032891,
          0.20963150611259643
        ],
        [
          -0.2508760664458206,
          0.03323109122196782,
          -0.9674487517050243,
          -0.3098680802943014
        ],
        [
          0.0007728395707392033,
          0.9994173159744926,
          0.034128729527536705,
          0.49023967164109905
        ],
        [
          0.0,
          0.0,
          0.0,
          1.0
        ]
      ]
    },
    {
      "videoFrameIndex": 18,
      "timestamp": 714145.779694083,
      "position": [
        0.20734232533162725,
        -0.3173734132588483,
        0.4939671074674578
      ],
      "transformMatrix": [
        [
          0.9679433519541788,
          0.007843639694836368,
          -0.2510460103917097,
          0.20734232533162725
        ],
        [
          -0.25116618091260984,
          0.03453859448615315,
          -0.9673276737338986,
          -0.3173734132588483
        ],
        [
          0.001083394382671056,
          0.9993727555773457,
          0.03540142082147246,
          0.4939671074674578
        ],
        [
          0.0,
          0.0,
          0.0,
          1.0
        ]
      ]
    },
    {
      "videoFrameIndex": 19,
      "timestamp": 714145.8130270831,
      "position": [
        0.2038896717773238,
        -0.32606577005572546,
        0.4958912783036474
      ],
      "transformMatrix": [
        [
          0.9675498169237577,
          0.008569147866425014,
          -0.2525349007269967,
          0.2038896717773238
        ],
        [
          -0.25267883926972423,
          0.03615184934004395,
          -0.9668746771372907,
          -0.32606577005572546
        ],
        [
          0.0008442992901921964,
          0.9993097394695646,
          0.03714391861131827,
          0.4958912783036474
        ],
        [
          0.0,
          0.0,
          0.0,
          1.0
        ]
      ]
    },
    {
      "videoFrameIndex": 20,
      "timestamp": 714145.8463610831,
      "position": [
        0.20164757899827246,
        -0.34372247531327044,
        0.4922162936441535
      ],
      "transformMatrix": [
        [
          0.966980544755323,
          0.009072003451990461,
          -0.25468859304573016,
          0.20164757899827246
        ],
        [
          -0.2548491197291711,
          0.037220388129515114,
          -0.9662643335006706,
          -0.34372247531327044
        ],
        [
          0.0007136424911335718,
          0.9992660723977511,
          0.03830334448833311,
          0.4922162936441535
        ],
        [
          0.0,
          0.0,
          0.0,
          1.0
        ]
      ]
    },
    {
      "videoFrameIndex": 21,
      "timestamp": 714145.879694083,
      "position": [
        0.1959223358060654,
        -0.35860413605531605,
        0.4908472869218195
      ],
      "transformMatrix": [
        [
          0.9667526912403765,
          0.009426809138234911,
          -0.255539280460967,
          0.1959223358060654
        ],
        [
          -0.25571272214135976,
          0.037364108648575645,
          -0.9660306001544121,
          -0.35860413605531605
        ],
        [
          0.00044139886069453904,
          0.9992574246145112,
          0.038532368855868804,
          0.4908472869218195
        ],
        [
          0.0,
          0.0,
          0.0,
          1.0
        ]
      ]
    },
    {
      "videoFrameIndex": 22,
      "timestamp": 714145.913027083,
      "position": [
        0.1886841670902869,
        -0.37240680071007887,
        0.4831138367070918
      ],
      "transformMatrix": [
        [
          0.9664743001378718,
          0.008567603627985747,
          -0.2566202991788304,
          0.1886841670902869
        ],
        [
          -0.25676068102666527,
          0.036749627520365036,
          -0.9657761701712141,
          -0.37240680071007887
        ],
        [
          0.0011563005227632622,
          0.9992879479892325,
          0.03771735545335747,
          0.4831138367070918
        ],
        [
          0.0,
          0.0,
          0.0,
          1.0
        ]
      ]
    },
    {
      "videoFrameIndex": 23,
      "timestamp": 714145.9463610831,
      "position": [
        0.16388295651857973,
        -0.357839730104898,
        0.4767288660725008
      ],
      "transformMatrix": [
        [
          0.9665652891818599,
          0.007792731861188319,
          -0.2563021062895798,
          0.16388295651857973
        ],
        [
          -0.25641461285601475,
          0.03617599223003959,
          -0.9658897645253379,
          -0.357839730104898
        ],
        [
          0.0017450506678521743,
          0.9993152219535901,
          0.03696458981022488,
          0.4767288660725008
        ],
        [
          0.0,
          0.0,
          0.0,
          1.0
        ]
      ]
    },
    {
      "videoFrameIndex": 24,
      "timestamp": 714145.9796940831,
      "position": [
        0.15173930585608936,
        -0.3600643443738483,
        0.46321302619961907
      ],
      "transformMatrix": [
        [
          0.9668176473374939,
          0.007421595824434454,
          -0.2553595726064718,
          0.15173930585608936
        ],
        [
          -0.25545815697655355,
          0.03659025364830942,
          -0.9661275675017433,
          -0.3600643443738483
        ],
        [
          0.0021734508998778462,
          0.9993029646708678,
          0.03727197125220194,
          0.46321302619961907
        ],
        [
          0.0,
          0.0,
          0.0,
          1.0
        ]
      ]
    },
    {
      "videoFrameIndex": 25,
      "timestamp": 714146.013027083,
      "position": [
        0.1454224734675322,
        -0.35912716903100267,
        0.4515474833003373
      ],
      "transformMatrix": [
        [
          0.9669409474721514,
          0.0071909591744496945,
          -0.25489889920781833,
          0.1454224734675322
        ],
        [
          -0.2549882057181294,
          0.03700817404323964,
          -0.9662357907433231,
          -0.35912716903100267
        ],
        [
          0.0024851684391289652,
          0.9992892609954269,
          0.03761828979190229,
          0.4515474833003373
        ],
        [
          0.0,
          0.0,
          0.0,
          1.0
        ]
      ]
    },
    {
      "videoFrameIndex": 26,
      "timestamp": 714146.046361083,
      "position": [
        0.1255695382943,
        -0.32753990588374465,
        0.44752531900329995
      ],
      "transformMatrix": [
        [
          0.9672242528222826,
          0.00670645802432334,
          -0.25383503064528573,
          0.1255695382943
        ],
        [
          -0.25390906262077406,
          0.03624603562958839,
          -0.9665488120808586,
          -0.32753990588374465
        ],
        [
          0.0027183823357565043,
          0.9993205643065404,
          0.036760836244013606,
          0.44752531900329995
        ],
        [
          0.0,
          0.0,
          0.0,
          1.0
        ]
      ]
    },
    {
      "videoFrameIndex": 27,
      "timestamp": 714146.0796940831,
      "position": [
        0.1280649355089849,
        -0.3150222778546148,
        0.4340342044602938
      ],
      "transformMatrix": [
        [
          0.9676923008326712,
          0.006303406516715342,
          -0.2520552173334328,
          0.1280649355089849
        ],
        [
          -0.2521165220237229,
          0.035970750192506395,
          -0.9670282093961843,
          -0.3150222778546148
        ],
        [
          0.0029710312509831013,
          0.9993331346961576,
          0.03639777193018773,
          0.4340342044602938
        ],
        [
          0.0,
          0.0,
          0.0,
          1.0
        ]
      ]
    },
    {
      "videoFrameIndex": 28,
      "timestamp": 714146.1130270831,
      "position": [
        0.1361366640369415,
        -0.3017178967476793,
        0.4193813852467928
      ],
      "transformMatrix": [
        [
          0.9680512256820993,
          0.005887938274063864,
          -0.2506832887286544,
          0.1361366640369415
        ],
        [
          -0.25072921785342617,
          0.036331378796271296,
          -0.9673753581439375,
          -0.3017178967476793
        ],
        [
          0.003411811137669432,
          0.9993226230966662,
          0.036646874925207684,
          0.4193813852467928
        ],
        [
          0.0,
          0.0,
          0.0,
          1.0
        ]
      ]
    },
    {
      "videoFrameIndex": 29,
      "timestamp": 714146.146361083,
      "position": [
        0.1329376085035152,
        -0.22552975611881382,
        0.4557426570325397
      ],
      "transformMatrix": [
        [
          0.9683978678247882,
          0.005990784566867857,
          -0.24933839395934498,
          0.1329376085035152
        ],
        [
          -0.2493881079706153,
          0.036611676095970935,
          -0.9677113981404893,
          -0.22552975611881382
        ],
        [
          0.0033313340735874677,
          0.9993117819930986,
          0.03694866050201251,
          0.4557426570325397
        ],
        [
          0.0,
          0.0,
          0.0,
          1.0
        ]
      ]
    },
    {
      "videoFrameIndex": 30,
      "timestamp": 714146.179694083,
      "position": [
        0.14414627637977528,
        -0.20091899155676304,
        0.4520033212054542
      ],
      "transformMatrix": [
        [
          0.9684463175542891,
          0.005576487879240352,
          -0.24915976281899446,
          0.14414627637977528
        ],
        [
          -0.2491939875579957,
          0.036699834282900745,
          -0.9677580648298899,
          -0.20091899155676304
        ],
        [
          0.003747418999952873,
          0.9993109460583344,
          0.036931407618179035,
          0.4520033212054542
        ],
        [
          0.0,
          0.0,
          0.0,
          1.0
        ]
      ]
    },
    {
      "videoFrameIndex": 31,
      "timestamp": 714146.2130270831,
      "position": [
        0.154925006674686,
        -0.18286162041115353,
        0.4478223707254897
      ],
      "transformMatrix": [
        [
          0.9683705207884119,
          0.005236854119742854,
          -0.24946154901398393,
          0.154925006674686
        ],
        [
          -0.2494832596286468,
          0.036643884745946265,
          -0.967685652570364,
          -0.18286162041115353
        ],
        [
          0.004073599785865745,
          0.9993148367918714,
          0.036791326182195605,
          0.4478223707254897
        ],
        [
          0.0,
          0.0,
          0.0,
          1.0
        ]
      ]
    },
    {
      "videoFrameIndex": 32,
      "timestamp": 714146.246361083,
      "position": [
        0.12864645166831407,
        -0.15496782627910563,
        0.46074455957069355
      ],
      "transformMatrix": [
        [
          0.9685143690693173,
          0.004472044153943235,
          -0.24891740063100296,
          0.12864645166831407
        ],
        [
          -0.24891092437917003,
          0.0367488756375457,
          -0.9678290474969347,
          -0.15496782627910563
        ],
        [
          0.0048192485938320165,
          0.9993146966469816,
          0.036704915722104825,
          0.46074455957069355
        ],
        [
          0.0,
          0.0,
          0.0,
          1.0
        ]
      ]
    },
    {
      "videoFrameIndex": 33,
      "timestamp": 714146.279694083,
      "position": [
        0.12458749984932416,
        -0.14661249091668016,
        0.45551588023128864
      ],
      "transformMatrix": [
        [
          0.9688525279920792,
          0.0030239378612656673,
          -0.24761984858390612,
          0.12458749984932416
        ],
        [
          -0.24756356789222594,
          0.03639356410069111,
          -0.9681879888013796,
          -0.14661249091668016
        ],
        [
          0.006084016923786621,
          0.9993331307644022,
          0.0360085743193756,
          0.45551588023128864
        ],
        [
          0.0,
          0.0,
          0.0,
          1.0
        ]
      ]
    },
    {
      "videoFrameIndex": 34,
      "timestamp": 714146.3130270831,
      "position": [
        0.117950158179738,
        -0.14478660155057416,
        0.45097219678305595
      ],
      "transformMatrix": [
        [
          0.9690636649717411,
          0.0019817001184997407,
          -0.246802837718138,
          0.117950158179738
        ],
        [
          -0.24671177507828052,
          0.036100888311049795,
          -0.9684163460080678,
          -0.14478660155057416
        ],
        [
          0.006990679423604658,
          0.9993463567047867,
          0.03547292871882107,
          0.45097219678305595
        ],
        [
          0.0,
          0.0,
          0.0,
          1.0
        ]
      ]
    },
    {
      "videoFrameIndex": 35,
      "timestamp": 714146.3463610831,
      "position": [
        0.07812610083986958,
        -0.13959492740721652,
        0.49199433234073914
      ],
      "transformMatrix": [
        [
          0.9688784417537045,
          0.0005811182705703771,
          -0.2475362236441708,
          0.07812610083986958
        ],
        [
          -0.24740838866794865,
          0.03449328322997319,
          -0.9682972146729982,
          -0.13959492740721652
        ],
        [
          0.007975630464442357,
          0.9994049317076363,
          0.03356353269508483,
          0.49199433234073914
        ],
        [
          0.0,
          0.0,
          0.0,
          1.0
        ]
      ]
    },
    {
      "videoFrameIndex": 36,
      "timestamp": 714146.379694083,
      "position": [
        0.06667906475837473,
        -0.14804406870602085,
        0.49235669600812004
      ],
      "transformMatrix": [
        [
          0.9687368971875417,
          0.0006510563114338341,
          -0.2480894088079568,
          0.06667906475837473
        ],
        [
          -0.24796034169548936,
          0.03490017009358942,
          -0.96814143614889,
          -0.14804406870602085
        ],
        [
          0.008028036549594997,
          0.9993907624612457,
          0.03397047933299285,
          0.49235669600812004
        ],
        [
          0.0,
          0.0,
          0.0,
          1.0
        ]
      ]
    },
    {
      "videoFrameIndex": 37,
      "timestamp": 714146.413027083,
      "position": [
        0.05899498945865365,
        -0.16006577427744098,
        0.4891537258885366
      ],
      "transformMatrix": [
        [
          0.9687920203895496,
          0.0007256205654487605,
          -0.2478738576653003,
          0.05899498945865365
        ],
        [
          -0.24774615142952575,
          0.035063889394273295,
          -0.968190353921761,
          -0.16006577427744098
        ],
        [
          0.007988871278649612,
          0.9993849803693322,
          0.03414934666589403,
          0.4891537258885366
        ],
        [
          0.0,
          0.0,
          0.0,
          1.0
        ]
      ]
    },
    {
      "videoFrameIndex": 38,
      "timestamp": 714146.4463610831,
      "position": [
        0.045646217672909876,
        -0.1300675495205252,
        0.4890760329643514
      ],
      "transformMatrix": [
        [
          0.9688561434394882,
          0.0010482988386551623,
          -0.2476219477321314,
          0.045646217672909876
        ],
        [
          -0.2475091483730102,
          0.0345754724920338,
          -0.9682685327368437,
          -0.1300675495205252
        ],
        [
          0.007546599613850791,
          0.9994017108176773,
          0.033758083162295116,
          0.4890760329643514
        ],
        [
          0.0,
          0.0,
          0.0,
          1.0
        ]
      ]
    },
    {
      "videoFrameIndex": 39,
      "timestamp": 714146.4796940831,
      "position": [
        0.04959644049944368,
        -0.1332050839506897,
        0.48448393357013164
      ],
      "transformMatrix": [
        [
          0.9687478682311419,
          0.0016943917253841936,
          -0.24804163248101574,
          0.04959644049944368
        ],
        [
          -0.2479443145556201,
          0.03544443545637438,
          -0.9681257677540988,
          -0.1332050839506897
        ],
        [
          0.007151299836062899,
          0.9993703832476477,
          0.034756796859452876,
          0.48448393357013164
        ],
        [
          0.0,
          0.0,
          0.0,
          1.0
        ]
      ]
    },
    {
      "videoFrameIndex": 40,
      "timestamp": 714146.513027083,
      "position": [
        0.059766938531943585,
        -0.13976930731189252,
        0.47774213341503285
      ],
      "transformMatrix": [
        [
          0.9686992235418342,
          0.002014402767941001,
          -0.2482291503842446,
          0.059766938531943585
        ],
        [
          -0.24814805371660165,
          0.03467379897716849,
          -0.9681014742349552,
          -0.13976930731189252
        ],
        [
          0.006656889808284314,
          0.999396823922158,
          0.03408831298565779,
          0.47774213341503285
        ],
        [
          0.0,
          0.0,
          0.0,
          1.0
        ]
      ]
    },
    {
      "videoFrameIndex": 41,
      "timestamp": 714146.546361083,
      "position": [
        0.055097053076243616,
        -0.12649501329564156,
        0.48701218959540954
      ],
      "transformMatrix": [
        [
          0.9683310505075501,
          0.0022530497413641992,
          -0.2496594780883664,
          0.055097053076243616
        ],
        [
          -0.24959286323341429,
          0.03353382173537761,
          -0.9677701580114497,
          -0.12649501329564156
        ],
        [
          0.0061915904575579744,
          0.9994352146569012,
          0.03303414659325182,
          0.48701218959540954
        ],
        [
          0.0,
          0.0,
          0.0,
          1.0
        ]
      ]
    },
    {
      "videoFrameIndex": 42,
      "timestamp": 714146.5796940831,
      "position": [
        0.06842891182721524,
        -0.13135404390662037,
        0.4846310821130066
      ],
      "transformMatrix": [
        [
          0.9679576803608846,
          0.002572815872246538,
          -0.25110010804141647,
          0.06842891182721524
        ],
        [
          -0.2510474097115162,
          0.03281898253987581,
          -0.9674183716350055,
          -0.13135404390662037
        ],
        [
          0.005751848943014629,
          0.9994581715489335,
          0.03241324555832131,
          0.4846310821130066
        ],
        [
          0.0,
          0.0,
          0.0,
          1.0
        ]
      ]
    },
    {
      "videoFrameIndex": 43,
      "timestamp": 714146.6130270831,
      "position": [
        0.07984579571023842,
        -0.14337442684680457,
        0.48034080193145773
      ],
      "transformMatrix": [
        [
          0.9676568604483573,
          0.002098499331263992,
          -0.2522612759369402,
          0.07984579571023842
        ],
        [
          -0.25220285558969335,
          0.031118544781335467,
          -0.9671740014691446,
          -0.14337442684680457
        ],
        [
          0.005820377995404587,
          0.9995136687460564,
          0.030641281298498635,
          0.48034080193145773
        ],
        [
          0.0,
          0.0,
          0.0,
          1.0
        ]
      ]
    },
    {
      "videoFrameIndex": 44,
      "timestamp": 714146.646361083,
      "position": [
        0.055449646552874356,
        -0.13520335922544563,
        0.4807894939294994
      ],
      "transformMatrix": [
        [
          0.9672012350893513,
          0.0014975083658630081,
          -0.25400685604895673,
          0.055449646552874356
        ],
        [
          -0.253937327766315,
          0.02982781313731847,
          -0.9667607400205538,
          -0.13520335922544563
        ],
        [
          0.006128724873961759,
          0.999554100821803,
          0.029229731294710515,
          0.4807894939294994
        ],
        [
          0.0,
          0.0,
          0.0,
          1.0
        ]
      ]
    },
    {
      "videoFrameIndex": 45,
      "timestamp": 714146.679694083,
      "position": [
        0.06088572709046868,
        -0.14639210395379218,
        0.4780718727755616
      ],
      "transformMatrix": [
        [
          0.9669926085076307,
          0.0011923865691143218,
          -0.2548015461401794,
          0.06088572709046868
        ],
        [
          -0.25472719687362433,
          0.029128888533488162,
          -0.9665742373664064,
          -0.14639210395379218
        ],
        [
          0.006269543807840533,
          0.999575123464653,
          0.028471113446614627,
          0.4780718727755616
        ],
        [
          0.0,
          0.0,
          0.0,
          1.0
        ]
      ]
    },
    {
      "videoFrameIndex": 46,
      "timestamp": 714146.7130270831,
      "position": [
        0.06354388804338483,
        -0.16239255670320094,
        0.47339026504290793
      ],
      "transformMatrix": [
        [
          0.9670390790300667,
          0.0009054068277748323,
          -0.25462630358371197,
          0.06354388804338483
        ],
        [
          -0.2545513690298927,
          0.02795621958079736,
          -0.966655183416764,
          -0.16239255670320094
        ],
        [
          0.006243160766919206,
          0.9996089091810048,
          0.02726518951749235,
          0.47339026504290793
        ],
        [
          0.0,
          0.0,
          0.0,
          1.0
        ]
      ]
    },
    {
      "videoFrameIndex": 47,
      "timestamp": 714146.746361083,
      "position": [
        0.03258726165971355,
        -0.17346216045219295,
        0.47966974411121305
      ],
      "transformMatrix": [
        [
          0.967306789893261,
          0.0009298096545766951,
          -0.25360730330562054,
          0.03258726165971355
        ],
        [
          -0.2535347076966868,
          0.027750475332295688,
          -0.9669282581591705,
          -0.17346216045219295
        ],
        [
          0.006138652135495727,
          0.9996146196635344,
          0.02707892233290421,
          0.47966974411121305
        ],
        [
          0.0,
          0.0,
          0.0,
          1.0
        ]
      ]
    },
    {
      "videoFrameIndex": 48,
      "timestamp": 714146.779694083,
      "position": [
        0.028878723699583476,
        -0.1867263232337564,
        0.47468374913452094
      ],
      "transformMatrix": [
        [
          0.9674888854780896,
          0.0005453769238849895,
          -0.25291285781850387,
          0.028878723699583476
        ],
        [
          -0.25283574769745165,
          0.02687199236906318,
          -0.9671360680003243,
          -0.1867263232337564
        ],
        [
          0.006268806885476888,
          0.9996389047012202,
          0.026136204732168933,
          0.47468374913452094
        ],
        [
          0.0,
          0.0,
          0.0,
          1.0
        ]
      ]
    },
    {
      "videoFrameIndex": 49,
      "timestamp": 714146.8130270831,
      "position": [
        0.02796307660540612,
        -0.19904748033346065,
        0.47316609327036196
      ],
      "transformMatrix": [
        [
          0.967258840721002,
          0.00035486762887485673,
          -0.25379157536367747,
          0.02796307660540612
        ],
        [
          -0.2537113250789121,
          0.02653737757594421,
          -0.9669159862329482,
          -0.19904748033346065
        ],
        [
          0.006391823844827012,
          0.9996479294410416,
          0.025758506983126206,
          0.47316609327036196
        ],
        [
          0.0,
          0.0,
          0.0,
          1.0
        ]
      ]
    },
    {
      "videoFrameIndex": 50,
      "timestamp": 714146.8463610831,
      "position": [
        0.0218972220250118,
        -0.21914014146378707,
        0.4766786066066447
      ],
      "transformMatrix": [
        [
          0.9669369478236133,
          0.00045519080567158615,
          -0.2550150708182431,
          0.0218972220250118
        ],
        [
          -0.25493597615337776,
          0.026694130927227222,
          -0.9665895016766449,
          -0.21914014146378707
        ],
        [
          0.006367411145841426,
          0.999643715212217,
          0.025927546004979707,
          0.4766786066066447
        ],
        [
          0.0,
          0.0,
          0.0,
          1.0
        ]
      ]
    },
    {
      "videoFrameIndex": 51,
      "timestamp": 714146.879694083,
      "position": [
        0.01901012874487683,
        -0.22083743744973117,
        0.4748215914770762
      ],
      "transformMatrix": [
        [
          0.9665650753911315,
          0.0005754242208100072,
          -0.25642070612696294,
          0.01901012874487683
        ],
        [
          -0.25633894075981556,
          0.027520070240005523,
          -0.9661952113827004,
          -0.22083743744973117
        ],
        [
          0.006500731779065988,
          0.9996212562141882,
          0.026747402508087215,
          0.4748215914770762
        ],
        [
          0.0,
          0.0,
          0.0,
          1.0
        ]
      ]
    },
    {
      "videoFrameIndex": 52,
      "timestamp": 714146.913027083,
      "position": [
        0.016043503491380756,
        -0.2190876398385098,
        0.47409838130523
      ],
      "transformMatrix": [
        [
          0.9663228723978831,
          0.0005588032717307526,
          -0.2573319813570712,
          0.016043503491380756
        ],
        [
          -0.25724457020007274,
          0.028251038616207202,
          -0.9659333844703919,
          -0.2190876398385098
        ],
        [
          0.006730117051230292,
          0.9996008742838502,
          0.027443334077032533,
          0.47409838130523
        ],
        [
          0.0,
          0.0,
          0.0,
          1.0
        ]
      ]
    },
    {
      "videoFrameIndex": 53,
      "timestamp": 714146.9463610831,
      "position": [
        -0.0071944965951835456,
        -0.19862399877425166,
        0.48378546814943296
      ],
      "transformMatrix": [
        [
