{
  "source": {
    "transforms": "transforms.json",
    "dataparserTransforms": "dataparser_transforms.json"
  },
  "coordinateSpace": "nerfstudio_export",
  "count": 466,
  "bounds": {
    "min": [
      -0.7172271750044253,
      -0.7918776374223532,
      -0.16995414455288546
    ],
    "max": [
      0.5727617841421723,
      0.999999995143879,
      0.12963424338448526
    ]
  },
  "frames": [
    {
      "videoFrameIndex": 0,
      "timestamp": 714224.081466375,
      "position": [
        0.5444197299333158,
        -0.7918776374223532,
        -0.16879037599902602
      ],
      "transformMatrix": [
        [
          0.8563551918624691,
          -0.060800705696719935,
          0.512795345249927,
          0.5444197299333158
        ],
        [
          0.5162304420461471,
          0.12527068002584202,
          -0.8472387255320238,
          -0.7918776374223532
        ],
        [
          -0.01272550926800714,
          0.990257844991797,
          0.13866337552099917,
          -0.16879037599902602
        ],
        [
          0,
          0,
          0,
          1
        ]
      ]
    },
    {
      "videoFrameIndex": 1,
      "timestamp": 714224.1147993751,
      "position": [
        0.5449947988190316,
        -0.7910542822290113,
        -0.16891277913695335
      ],
      "transformMatrix": [
        [
          0.8555600709674935,
          -0.06197720305361782,
          0.5139803476989808,
          0.5449947988190316
        ],
        [
          0.517568596021234,
          0.12506651688971782,
          -0.8464521164106732,
          -0.7910542822290113
        ],
        [
          -0.011820997211919912,
          0.9902107156046082,
          0.13907937514790375,
          -0.16891277913695335
        ],
        [
          0,
          0,
          0,
          1
        ]
      ]
    },
    {
      "videoFrameIndex": 2,
      "timestamp": 714224.148133375,
      "position": [
        0.545445228001064,
        -0.7906106045577855,
        -0.16928155471721765
      ],
      "transformMatrix": [
        [
          0.856061251023855,
          -0.060537376960024536,
          0.51331702391338,
          0.545445228001064
        ],
        [
          0.5167398442345534,
          0.12289775469358882,
          -0.847275720106595,
          -0.7906106045577855
        ],
        [
          -0.01179366009373091,
          0.9905712677813537,
          0.13649008349488556,
          -0.16928155471721765
        ],
        [
          0,
          0,
          0,
          1
        ]
      ]
    },
    {
      "videoFrameIndex": 3,
      "timestamp": 714224.181466375,
      "position": [
        0.545829471993609,
        -0.7901496733097745,
        -0.1695126928227858
      ],
      "transformMatrix": [
        [
          0.8561340176444991,
          -0.05818045243320408,
          0.5134681931138219,
          0.545829471993609
        ],
        [
          0.5165746960278902,
          0.1225214921352345,
          -0.8474309045574594,
          -0.7901496733097745
        ],
        [
          -0.013606975809932087,
          0.9907590966622184,
          0.1349493699695508,
          -0.1695126928227858
        ],
        [
          0,
          0,
          0,
          1
        ]
      ]
    },
    {
      "videoFrameIndex": 4,
      "timestamp": 714224.214799375,
      "position": [
        0.5462101597229313,
        -0.7895930164249145,
        -0.16977682515677828
      ],
      "transformMatrix": [
        [
          0.8560405635810232,
          -0.05712193789939964,
          0.5137427802582907,
          0.5462101597229313
        ],
        [
          0.5166839615178659,
          0.12385975110707717,
          -0.8471697094303612,
          -0.7895930164249145
        ],
        [
          -0.015240077416748682,
          0.9906542863021799,
          0.13554296343320776,
          -0.16977682515677828
        ],
        [
          0,
          0,
          0,
          1
        ]
      ]
    },
    {
      "videoFrameIndex": 5,
      "timestamp": 714224.2481333751,
      "position": [
        0.5460383786818086,
        -0.7877637033108619,
        -0.16946416103607356
      ],
      "transformMatrix": [
        [
          0.855824020528344,
          -0.05791930417720162,
          0.5140142086006442,
          0.5460383786818086
        ],
        [
          0.5170057061090786,
          0.1273677763305998,
          -0.8464529638519062,
          -0.7877637033108619
        ],
        [
          -0.016442880117021774,
          0.9901630534563164,
          0.1389490162913243,
          -0.16946416103607356
        ],
        [
          0,
          0,
          0,
          1
        ]
      ]
    },
    {
      "videoFrameIndex": 6,
      "timestamp": 714224.281466375,
      "position": [
        0.5461590414327163,
        -0.7862765798417775,
        -0.16966465879688328
      ],
      "transformMatrix": [
        [
          0.855783872179546,
          -0.060554451594473174,
          0.5137773146631643,
          0.5461590414327163
        ],
        [
          0.5170745632700386,
          0.13154028163465875,
          -0.8457724995156787,
          -0.7862765798417775
        ],
        [
          -0.016367122837257587,
          0.9894596410773203,
          0.14388122126940753,
          -0.16966465879688328
        ],
        [
          0,
          0,
          0,
          1
        ]
      ]
    },
    {
      "videoFrameIndex": 7,
      "timestamp": 714224.314799375,
      "position": [
        0.5465531595607629,
        -0.7849970493729936,
        -0.16995414455288546
      ],
      "transformMatrix": [
        [
          0.8556265121625076,
          -0.06054867840524283,
          0.5140400137936909,
          0.5465531595607629
        ],
        [
          0.5173860077069288,
          0.12818725002731063,
          -0.8460968139462214,
          -0.7849970493729936
        ],
        [
          -0.014663331943201269,
          0.9898999722773448,
          0.14100745174082507,
          -0.16995414455288546
        ],
        [
          0,
          0,
          0,
          1
        ]
      ]
    },
    {
      "videoFrameIndex": 8,
      "timestamp": 714224.348133375,
      "position": [
        0.5466690883422105,
        -0.7834188638196967,
        -0.16974200030132497
      ],
      "transformMatrix": [
        [
          0.8529838684202666,
          -0.06379851164540017,
          0.5180234325584571,
          0.5466690883422105
        ],
        [
          0.5217865813229289,
          0.12808345977994373,
          -0.8434058699656739,
          -0.7834188638196967
        ],
        [
          -0.012542194357189888,
          0.9897092733971145,
          0.14254233538590602,
          -0.16974200030132497
        ],
        [
          0,
          0,
          0,
          1
        ]
      ]
    },
    {
      "videoFrameIndex": 9,
      "timestamp": 714224.3814663751,
      "position": [
        0.54667337379661,
        -0.7812870513021829,
        -0.16908162010232863
      ],
      "transformMatrix": [
        [
          0.8494428633473946,
          -0.06821005876555991,
          0.5232534914784569,
          0.54667337379661
        ],
        [
          0.527571147632679,
          0.12997788306665597,
          -0.8395084899567569,
          -0.7812870513021829
        ],
        [
          -0.010748457811628524,
          0.9891679363690153,
          0.1463944472271432,
          -0.16908162010232863
        ],
        [
          0,
          0,
          0,
          1
        ]
      ]
    },
    {
      "videoFrameIndex": 10,
      "timestamp": 714224.414799375,
      "position": [
        0.5473677734985055,
        -0.778782145010666,
        -0.16869740678397654
      ],
      "transformMatrix": [
        [
          0.8460363825711267,
          -0.06883505768691218,
          0.5286626341554875,
          0.5473677734985055
        ],
        [
          0.5330404789947789,
          0.12689583070175336,
          -0.8365197944543534,
          -0.778782145010666
        ],
        [
          -0.00950319595887466,
          0.9895247604471861,
          0.14405036478021188,
          -0.16869740678397654
        ],
        [
          0,
          0,
          0,
          1
        ]
      ]
    },
    {
      "videoFrameIndex": 11,
      "timestamp": 714224.448133375,
      "position": [
        0.5479995828211657,
        -0.7762953362858993,
        -0.1682400344979672
      ],
      "transformMatrix": [
        [
          0.8426266292727419,
          -0.0675679426714634,
          0.5342424012717635,
          0.5479995828211657
        ],
        [
          0.538389853746943,
          0.12561400265962236,
          -0.8332812000330974,
          -0.7762953362858993
        ],
        [
          -0.010805230223851117,
          0.9897756129727985,
          0.14222360151865193,
          -0.1682400344979672
        ],
        [
          0,
          0,
          0,
          1
        ]
      ]
    },
    {
      "videoFrameIndex": 12,
      "timestamp": 714224.4814663751,
      "position": [
        0.548979920888618,
        -0.7729892688428799,
        -0.16746138551591727
      ],
      "transformMatrix": [
        [
          0.837287706630929,
          -0.06530103247702325,
          0.5428490379794102,
          0.548979920888618
        ],
        [
          0.5465685174592276,
          0.12641386591342788,
          -0.8278178911075003,
          -0.7729892688428799
        ],
        [
          -0.014566282690672033,
          0.989825933313808,
          0.14153626748233167,
          -0.16746138551591727
        ],
        [
          0,
          0,
          0,
          1
        ]
      ]
    },
    {
      "videoFrameIndex": 13,
      "timestamp": 714224.5147993751,
      "position": [
        0.5501978561148663,
        -0.7690883023304632,
        -0.16672996648377542
      ],
      "transformMatrix": [
        [
          0.8304438576394954,
          -0.06500712622218208,
          0.553296556470564,
          0.5501978561148663
        ],
        [
          0.5568102684226135,
          0.12900806790119979,
          -0.8205603658512648,
          -0.7690883023304632
        ],
        [
          -0.018037448667676335,
          0.989510515630479,
          0.1433305960605421,
          -0.16672996648377542
        ],
        [
          0,
          0,
          0,
          1
        ]
      ]
    },
    {
      "videoFrameIndex": 14,
      "timestamp": 714224.548133375,
      "position": [
        0.5513018906580399,
        -0.7643498356120467,
        -0.16614787640887022
      ],
      "transformMatrix": [
        [
          0.8232908524583773,
          -0.06344459244555394,
          0.5640629065102519,
          0.5513018906580399
        ],
        [
          0.5672222778478184,
          0.1291400972777315,
          -0.8133767843986301,
          -0.7643498356120467
        ],
        [
          -0.021238780277818288,
          0.9895947087408825,
          0.14230705010351366,
          -0.16614787640887022
        ],
        [
          0,
          0,
          0,
          1
        ]
      ]
    },
    {
      "videoFrameIndex": 15,
      "timestamp": 714224.581466375,
      "position": [
        0.5526635139649041,
        -0.759447860170043,
        -0.16550847178106254
      ],
      "transformMatrix": [
        [
          0.8142649616428435,
          -0.0669027537833104,
          0.5766251818382593,
          0.5526635139649041
        ],
        [
          0.5800027194704485,
          0.1346002296651334,
          -0.8034175092636474,
          -0.759447860170043
        ],
        [
          -0.023863038397184476,
          0.9886388967882411,
          0.14840403303343802,
          -0.16550847178106254
        ],
        [
          0,
          0,
          0,
          1
        ]
      ]
    },
    {
      "videoFrameIndex": 16,
      "timestamp": 714224.6147993751,
      "position": [
        0.5538189235268262,
        -0.75382866944039,
        -0.16508118148449366
      ],
      "transformMatrix": [
        [
          0.8058559270853692,
          -0.0706023588993836,
          0.5878873516688718,
          0.5538189235268262
        ],
        [
          0.5915121232135244,
          0.14066117275500353,
          -0.7939319323349077,
          -0.75382866944039
        ],
        [
          -0.026639457445346633,
          0.9875372447916785,
          0.1551147940110289,
          -0.16508118148449366
        ],
        [
          0,
          0,
          0,
          1
        ]
      ]
    },
    {
      "videoFrameIndex": 17,
      "timestamp": 714224.648133375,
      "position": [
        0.5550190084582675,
        -0.7480067592071156,
        -0.1641822936048558
      ],
      "transformMatrix": [
        [
          0.8016231080974454,
          -0.07120536752618208,
          0.5935740853108985,
          0.5550190084582675
        ],
        [
          0.5970698490940273,
          0.1454027966064121,
          -0.7889015734882869,
          -0.7480067592071156
        ],
        [
          -0.030133305867799436,
          0.9868069166730471,
          0.15907282278414914,
          -0.1641822936048558
        ],
        [
          0,
          0,
          0,
          1
        ]
      ]
    },
    {
      "videoFrameIndex": 18,
      "timestamp": 714224.681466375,
      "position": [
        0.5563366160271387,
        -0.7420734168703912,
        -0.16333847640649427
      ],
      "transformMatrix": [
        [
          0.7987175510618483,
          -0.07208375514586708,
          0.5973727583534854,
          0.5563366160271387
        ],
        [
          0.6007623561785888,
          0.15111997804415112,
          -0.7850142764594226,
          -0.7420734168703912
        ],
        [
          -0.0336881815929697,
          0.9858837420588756,
          0.16400738833891942,
          -0.16333847640649427
        ],
        [
          0,
          0,
          0,
          1
        ]
      ]
    },
    {
      "videoFrameIndex": 19,
      "timestamp": 714224.714799375,
      "position": [
        0.5575784308217148,
        -0.7362435789417296,
        -0.16305232078151444
      ],
      "transformMatrix": [
        [
          0.7970564377336307,
          -0.07723750513413222,
          0.5989452474317223,
          0.5575784308217148
        ],
        [
          0.6029476140148762,
          0.15759890174997015,
          -0.7820593529466906,
          -0.7362435789417296
        ],
        [
          -0.03398880028076376,
          0.9844780455869707,
          0.17218539159155893,
          -0.16305232078151444
        ],
        [
          0,
          0,
          0,
          1
        ]
      ]
    },
    {
      "videoFrameIndex": 20,
      "timestamp": 714224.7481333751,
      "position": [
        0.5589815044040997,
        -0.7299038432188076,
        -0.16258767340330835
      ],
      "transformMatrix": [
        [
          0.7975798446570839,
          -0.08359005213704304,
          0.5973935897994938,
          0.5589815044040997
        ],
        [
          0.6024543469960493,
          0.16005267360604458,
          -0.7819411563970438,
          -0.7299038432188076
        ],
        [
          -0.030251939587894836,
          0.9835628668430347,
          0.178013979741723,
          -0.16258767340330835
        ],
        [
          0,
          0,
          0,
          1
        ]
      ]
    },
    {
      "videoFrameIndex": 21,
      "timestamp": 714224.781466375,
      "position": [
        0.5604805647905851,
        -0.7235222871171566,
        -0.1619550433598797
      ],
      "transformMatrix": [
        [
          0.7977727995402082,
          -0.09036172260298471,
          0.5961487448238211,
          0.5604805647905851
        ],
        [
          0.6024144240094261,
          0.16143035837978903,
          -0.7816886667652215,
          -0.7235222871171566
        ],
        [
          -0.025601771449632993,
          0.9827385545282066,
          0.1832199569022368,
          -0.1619550433598797
        ],
        [
          0,
          0,
          0,
          1
        ]
      ]
    },
    {
      "videoFrameIndex": 22,
      "timestamp": 714224.814799375,
      "position": [
        0.5620622032463642,
        -0.7171650278583426,
        -0.16116087746302152
      ],
      "transformMatrix": [
        [
          0.7974981422919547,
          -0.09377839945325642,
          0.5959885329348911,
          0.5620622032463642
        ],
        [
          0.6028828335266957,
          0.1615305649292429,
          -0.7813067491343508,
          -0.7171650278583426
        ],
        [
          -0.023000668405153205,
          0.9824019322118684,
          0.18535771552354974,
          -0.16116087746302152
        ],
        [
          0,
          0,
          0,
          1
        ]
      ]
    },
    {
      "videoFrameIndex": 23,
      "timestamp": 714224.848133375,
      "position": [
        0.5636214040237606,
        -0.7104655211388717,
        -0.1601217768742996
      ],
      "transformMatrix": [
        [
          0.7963125609050055,
          -0.09759079765441805,
          0.5969609267875944,
          0.5636214040237606
        ],
        [
          0.6045170502709307,
          0.16283269178745247,
          -0.7797722238111658,
          -0.7104655211388717
        ],
        [
          -0.021106161709190566,
          0.981815470777295,
          0.18866102179589117,
          -0.1601217768742996
        ],
        [
          0,
          0,
          0,
          1
        ]
      ]
    },
    {
      "videoFrameIndex": 24,
      "timestamp": 714224.8814663751,
      "position": [
        0.5654037531311474,
        -0.7036757510991514,
        -0.15912639001152573
      ],
      "transformMatrix": [
        [
          0.7970918275052491,
          -0.09817723635301918,
          0.5958236780620949,
          0.5654037531311474
        ],
        [
          0.603634525802854,
          0.1563952508050297,
          -0.7817710377052994,
          -0.7036757510991514
        ],
        [
          -0.016431874055130413,
          0.9828030442431668,
          0.18392454867745647,
          -0.15912639001152573
        ],
        [
          0,
          0,
          0,
          1
        ]
      ]
    },
    {
      "videoFrameIndex": 25,
      "timestamp": 714224.914799375,
      "position": [
        0.5673012058231484,
        -0.6968873194209677,
        -0.1583137651622628
      ],
      "transformMatrix": [
        [
          0.7963098416100125,
          -0.10095974484803656,
          0.5964040347183052,
          0.5673012058231484
        ],
        [
          0.604834297537377,
          0.14615309353578348,
          -0.7828248950964789,
          -0.6968873194209677
        ],
        [
          -0.008132493468957627,
          0.9840967793717187,
          0.17744706603659055,
          -0.1583137651622628
        ],
        [
          0,
          0,
          0,
          1
        ]
      ]
    },
    {
      "videoFrameIndex": 26,
      "timestamp": 714224.948133375,
      "position": [
        0.5680955138943112,
        -0.6914567822860823,
        -0.15805013175494714
      ],
      "transformMatrix": [
        [
          0.7929718386901067,
          -0.10909839656211778,
          0.5994107185102912,
          0.5680955138943112
        ],
        [
          0.609258265060617,
          0.14160462101807014,
          -0.7802259726336217,
          -0.6914567822860823
        ],
        [
          0.0002420744236912159,
          0.9838931542937597,
          0.17875757941596515,
          -0.15805013175494714
        ],
        [
          0,
          0,
          0,
          1
        ]
      ]
    },
    {
      "videoFrameIndex": 27,
      "timestamp": 714224.9814663751,
      "position": [
        0.5692433605731726,
        -0.6847777146697259,
        -0.15728373056059966
      ],
      "transformMatrix": [
        [
          0.7877009021806145,
          -0.11664888827151058,
          0.6049134914364895,
          0.5692433605731726
        ],
        [
          0.6160383679347505,
          0.14132828907345504,
          -0.7749342646639675,
          -0.6847777146697259
        ],
        [
          0.004903831108366868,
          0.9830663351654453,
          0.18318461444577389,
          -0.15728373056059966
        ],
        [
          0,
          0,
          0,
          1
        ]
      ]
    },
    {
      "videoFrameIndex": 28,
      "timestamp": 714225.0147993751,
      "position": [
        0.5700765087686445,
        -0.67827676856167,
        -0.15639453378854504
      ],
      "transformMatrix": [
        [
          0.7819913095135416,
          -0.12120705606864471,
          0.611390585434128,
          0.5700765087686445
        ],
        [
          0.6232524645073481,
          0.14138747530319848,
          -0.7691332900891299,
          -0.67827676856167
        ],
        [
          0.006781409911312486,
          0.9825062336020578,
          0.18610637624089849,
          -0.15639453378854504
        ],
        [
          0,
          0,
          0,
          1
        ]
      ]
    },
    {
      "videoFrameIndex": 29,
      "timestamp": 714225.048133375,
      "position": [
        0.5708416311835858,
        -0.6724433863340777,
        -0.1562006826447404
      ],
      "transformMatrix": [
        [
          0.7767169179835285,
          -0.12719640801038382,
          0.6168726851307667,
          0.5708416311835858
        ],
        [
          0.6297866446793235,
          0.1429631364529667,
          -0.7634987848120749,
          -0.6724433863340777
        ],
        [
          0.008924248445715197,
          0.981520597320445,
          0.1911484885898955,
          -0.1562006826447404
        ],
        [
          0,
          0,
          0,
          1
        ]
      ]
    },
    {
      "videoFrameIndex": 30,
      "timestamp": 714225.081466375,
      "position": [
        0.5716269514617303,
        -0.6658349533817698,
        -0.15585805736601743
      ],
      "transformMatrix": [
        [
          0.7729898337112148,
          -0.12995892414042345,
          0.6209648956007009,
          0.5716269514617303
        ],
        [
          0.6343161149077174,
          0.14074107396465252,
          -0.7601546468173964,
          -0.6658349533817698
        ],
        [
          0.01139361310518975,
          0.9814798498461774,
          0.19122646205779142,
          -0.15585805736601743
        ],
        [
          0,
          0,
          0,
          1
        ]
      ]
    },
    {
      "videoFrameIndex": 31,
      "timestamp": 714225.1147993751,
      "position": [
        0.5725616601313233,
        -0.6594007642756992,
        -0.15580567049985283
      ],
      "transformMatrix": [
        [
          0.7681532325631686,
          -0.13591183094671025,
          0.62567450968094,
          0.5725616601313233
        ],
        [
          0.6401389685903215,
          0.14355597331314238,
          -0.754727668784351,
          -0.6594007642756992
        ],
        [
          0.01275710540958798,
          0.9802651295032276,
          0.19727544704396083,
          -0.15580567049985283
        ],
        [
          0,
          0,
          0,
          1
        ]
      ]
    },
    {
      "videoFrameIndex": 32,
      "timestamp": 714225.148133375,
      "position": [
        0.5727617841421723,
        -0.6522447451408531,
        -0.15580445141269922
      ],
      "transformMatrix": [
        [
          0.7654195376245415,
          -0.14328385743566727,
          0.6273776168895459,
          0.5727617841421723
        ],
        [
          0.6433651944767441,
          0.14820725393949113,
          -0.7510764987842727,
          -0.6522447451408531
        ],
        [
          0.014635223464177227,
          0.9785215446201732,
          0.20562457735667097,
          -0.15580445141269922
        ],
        [
          0,
          0,
          0,
          1
        ]
      ]
    },
    {
      "videoFrameIndex": 33,
      "timestamp": 714225.181466375,
      "position": [
        0.572725469197328,
        -0.6448831057224091,
        -0.15582904281986656
      ],
      "transformMatrix": [
        [
          0.7630333110302537,
          -0.14886027977336455,
          0.6289839345460428,
          0.572725469197328
        ],
        [
          0.646158311871273,
          0.15141741338958511,
          -0.7480322677080845,
          -0.6448831057224091
        ],
        [
          0.016113171470779196,
          0.977196731011341,
          0.21172384010948853,
          -0.15582904281986656
        ],
        [
          0,
          0,
          0,
          1
        ]
      ]
    },
    {
      "videoFrameIndex": 34,
      "timestamp": 714225.214799375,
      "position": [
        0.5722468893248371,
        -0.6371461270329912,
        -0.15557982049906877
      ],
      "transformMatrix": [
        [
          0.7618111836844729,
          -0.15309745459982257,
          0.6294480886946396,
          0.5722468893248371
        ],
        [
          0.6475818979374075,
          0.15481861179477197,
          -0.7461025087185741,
          -0.6371461270329912
        ],
        [
          0.0167761149104447,
          0.9760084189168403,
          0.2170856928421736,
          -0.15557982049906877
        ],
        [
          0,
          0,
          0,
          1
        ]
      ]
    },
    {
      "videoFrameIndex": 35,
      "timestamp": 714225.2481333751,
      "position": [
        0.5718805352553568,
        -0.6290558449105959,
        -0.1552004346785617
      ],
      "transformMatrix": [
        [
          0.7611827200856103,
          -0.15504835693424174,
          0.6297307997931184,
          0.5718805352553568
        ],
        [
          0.6483470020409638,
          0.1583917839951674,
          -0.7446866980937339,
          -0.6290558449105959
        ],
        [
          0.015718263398243434,
          0.975126718263657,
          0.22109022906700215,
          -0.1552004346785617
        ],
        [
          0,
          0,
          0,
          1
        ]
      ]
    },
    {
      "videoFrameIndex": 36,
      "timestamp": 714225.281466375,
      "position": [
        0.5714442975508107,
        -0.620561634305861,
        -0.15461811790168914
      ],
      "transformMatrix": [
        [
          0.76004609322221,
          -0.15808202278554093,
          0.630349122949104,
          0.5714442975508107
        ],
        [
          0.6496681861721247,
          0.16070270862367309,
          -0.7430383287067105,
          -0.620561634305861
        ],
        [
          0.01616218980875602,
          0.974261145858148,
          0.22484232954797417,
          -0.15461811790168914
        ],
        [
          0,
          0,
          0,
          1
        ]
      ]
    },
    {
      "videoFrameIndex": 37,
      "timestamp": 714225.314799375,
      "position": [
        0.5718460759348385,
        -0.6113894827809997,
        -0.15401148915283464
      ],
      "transformMatrix": [
        [
          0.7573861075295467,
          -0.16086810490260567,
          0.6328410096535334,
          0.5718460759348385
        ],
        [
          0.652745699641318,
          0.16128129529983753,
          -0.7402104200810725,
          -0.6113894827809997
        ],
        [
          0.01701082897023544,
          0.9737093320699133,
          0.227158178814927,
          -0.15401148915283464
        ],
        [
          0,
          0,
          0,
          1
        ]
      ]
    },
    {
      "videoFrameIndex": 38,
      "timestamp": 714225.348133375,
      "position": [
        0.5716697815573669,
        -0.6022006476451929,
        -0.15377511107455621
      ],
      "transformMatrix": [
        [
          0.7543753643245946,
          -0.16552914918283027,
          0.6352306014542756,
          0.5716697815573669
        ],
        [
          0.6562019307292114,
          0.16391303765820234,
          -0.7365674529894333,
          -0.6022006476451929
        ],
        [
          0.017800805510397172,
          0.9724878834627041,
          0.2322725074265507,
          -0.15377511107455621
        ],
        [
          0,
          0,
          0,
          1
        ]
      ]
    },
    {
      "videoFrameIndex": 39,
      "timestamp": 714225.3814663751,
      "position": [
        0.5708253455615349,
        -0.5926416261196995,
        -0.15366240883998716
      ],
      "transformMatrix": [
        [
          0.7585606523563385,
          -0.16950712111619104,
          0.6291685617866204,
          0.5708253455615349
        ],
        [
          0.6513090183738152,
          0.168267358044292,
          -0.7399207588736489,
          -0.5926416261196995
        ],
        [
          0.019553305250236894,
          0.9710579275278901,
          0.2380425161685105,
          -0.15366240883998716
        ],
        [
          0,
          0,
          0,
          1
        ]
      ]
    },
    {
      "videoFrameIndex": 40,
      "timestamp": 714225.414799375,
      "position": [
        0.569913495066664,
        -0.5832258571685025,
        -0.15334639104939776
      ],
      "transformMatrix": [
        [
          0.764303478022528,
          -0.17197088146537892,
          0.6215031906303496,
          0.569913495066664
        ],
        [
          0.6443747808695947,
          0.16641714236632477,
          -0.7463823062722705,
          -0.5832258571685025
        ],
        [
          0.024927237392162155,
          0.9709435705082344,
          0.23800690239890454,
          -0.15334639104939776
        ],
        [
          0,
          0,
          0,
          1
        ]
      ]
    },
    {
      "videoFrameIndex": 41,
      "timestamp": 714225.448133375,
      "position": [
        0.5695506370231199,
        -0.5736635643621114,
        -0.15290862820279505
      ],
      "transformMatrix": [
        [
          0.7673753039015319,
          -0.17341863321427586,
          0.6173014880665213,
          0.5695506370231199
        ],
        [
          0.6403495333182619,
          0.15775248482221976,
          -0.7517091853382695,
          -0.5736635643621114
        ],
        [
          0.03297953508660096,
          0.9721317799829393,
          0.2321039044856406,
          -0.15290862820279505
        ],
        [
          0,
          0,
          0,
          1
        ]
      ]
    },
    {
      "videoFrameIndex": 42,
      "timestamp": 714225.4814663751,
      "position": [
        0.5685655168292866,
        -0.5644844350987613,
        -0.15267209074061133
      ],
      "transformMatrix": [
        [
          0.7692779086083718,
          -0.1772275311337552,
          0.6138419243489162,
          0.5685655168292866
        ],
        [
          0.6377910999250359,
          0.15606916955757008,
          -0.7542313953823777,
          -0.5644844350987613
        ],
        [
          0.03786876794572451,
          0.9717164621955103,
          0.23309470902901205,
          -0.15267209074061133
        ],
        [
          0,
          0,
          0,
          1
        ]
      ]
    },
    {
      "videoFrameIndex": 43,
      "timestamp": 714225.5147993751,
      "position": [
        0.5676423825430125,
        -0.5544599801799174,
        -0.15255933601844723
      ],
      "transformMatrix": [
        [
          0.770386733908803,
          -0.18262601294092276,
          0.610861707891112,
          0.5676423825430125
        ],
        [
          0.6359815416827597,
          0.1523799617707804,
          -0.756510341304057,
          -0.5544599801799174
        ],
        [
          0.0450753828780073,
          0.9713022973869749,
          0.23353827697829627,
          -0.15255933601844723
        ],
        [
          0,
          0,
          0,
          1
        ]
      ]
    },
    {
      "videoFrameIndex": 44,
      "timestamp": 714225.548133375,
      "position": [
        0.5668066192069475,
        -0.5447637454164421,
        -0.1524318587493923
      ],
      "transformMatrix": [
        [
          0.7675340357587279,
          -0.18643531722180876,
          0.6132971408683892,
          0.5668066192069475
        ],
        [
          0.639037326836816,
          0.1475785598195651,
          -0.7548853781874866,
          -0.5447637454164421
        ],
        [
          0.05022778531676579,
          0.97131998196304,
          0.23241069701349432,
          -0.1524318587493923
        ],
        [
          0,
          0,
          0,
          1
        ]
      ]
    },
    {
      "videoFrameIndex": 45,
      "timestamp": 714225.581466375,
      "position": [
        0.5660205380225034,
        -0.5349863568405329,
        -0.15223265209746914
      ],
      "transformMatrix": [
        [
          0.7634001474519506,
          -0.18780773939351902,
          0.6180198010155121,
          0.5660205380225034
        ],
        [
          0.6436251495306291,
          0.14048926124509942,
          -0.7523360319544099,
          -0.5349863568405329
        ],
        [
          0.05446938326770617,
          0.9721065202365095,
          0.22812730977440215,
          -0.15223265209746914
        ],
        [
          0,
          0,
          0,
          1
        ]
      ]
    },
    {
      "videoFrameIndex": 46,
      "timestamp": 714225.6147993751,
      "position": [
        0.5656018136923286,
        -0.5230680191689988,
        -0.1517257927242869
      ],
      "transformMatrix": [
        [
          0.7612420694815424,
          -0.18487391321775412,
          0.6215562359240151,
          0.5656018136923286
        ],
        [
          0.6463016520452901,
          0.13802062062260007,
          -0.7504962048251185,
          -0.5230680191689988
        ],
        [
          0.05295959192169045,
          0.9730221018932514,
          0.22455142109444037,
          -0.1517257927242869
        ],
        [
          0,
          0,
          0,
          1
        ]
      ]
    },
    {
      "videoFrameIndex": 47,
      "timestamp": 714225.648133375,
      "position": [
        0.5649637624254932,
        -0.5124302547775563,
        -0.1509461792814447
      ],
      "transformMatrix": [
        [
          0.760439241146033,
          -0.17732625753153927,
          0.6247299940519272,
          0.5649637624254932
        ],
        [
          0.6476763874021987,
          0.13686282886141332,
          -0.7495224705691711,
          -0.5124302547775563
        ],
        [
          0.04740769951042023,
          0.9745891600797855,
          0.21892589830103162,
          -0.1509461792814447
        ],
        [
          0,
          0,
          0,
          1
        ]
      ]
    },
    {
      "videoFrameIndex": 48,
      "timestamp": 714225.681466375,
      "position": [
        0.5644524893500598,
        -0.5018126450608361,
        -0.150464902191246
      ],
      "transformMatrix": [
        [
          0.7587132778832739,
          -0.17301181603329635,
          0.6280295216225875,
          0.5644524893500598
        ],
        [
          0.6498916055304982,
          0.13492746290626906,
          -0.7479542442055489,
          -0.5018126450608361
        ],
        [
          0.04466649124600281,
          0.9756339261547703,
          0.21481018728264376,
          -0.150464902191246
        ],
        [
          0,
          0,
          0,
          1
        ]
      ]
    },
    {
      "videoFrameIndex": 49,
      "timestamp": 714225.714799375,
      "position": [
        0.5642400584447657,
        -0.4887719148553242,
        -0.1496331398328835
      ],
      "transformMatrix": [
        [
          0.755968313064208,
          -0.17036800677624916,
          0.6320495696248519,
          0.5642400584447657
        ],
        [
          0.6532381203247476,
          0.1338986875186693,
          -0.7452188740536526,
          -0.4887719148553242
        ],
        [
          0.04233084548694865,
          0.9762407236005809,
          0.21251404416880304,
          -0.1496331398328835
        ],
        [
          0,
          0,
          0,
          1
        ]
      ]
    },
    {
      "videoFrameIndex": 50,
      "timestamp": 714225.7481333751,
      "position": [
        0.5641979661401431,
        -0.47736366780331535,
        -0.14926907431584827
      ],
      "transformMatrix": [
        [
          0.7506376290060895,
          -0.16919271050959334,
          0.6386837896671174,
          0.5641979661401431
        ],
        [
          0.6595653359665766,
          0.1349065725847321,
          -0.7394415831390352,
          -0.47736366780331535
        ],
        [
          0.038945483789896644,
          0.9763063607676817,
          0.2128595994587555,
          -0.14926907431584827
        ],
        [
          0,
          0,
          0,
          1
        ]
      ]
    },
    {
      "videoFrameIndex": 51,
      "timestamp": 714225.781466375,
      "position": [
        0.5643012950771976,
        -0.46600511444814346,
        -0.1490069285958489
      ],
      "transformMatrix": [
        [
          0.7434006533329103,
          -0.1687078147548792,
          0.6472195519434287,
          0.5643012950771976
        ],
        [
          0.6679452281683391,
          0.13704548843981396,
          -0.7314832717676211,
          -0.46600511444814346
        ],
        [
          0.0347084237660647,
          0.9760923491303339,
          0.21456728817251558,
          -0.1490069285958489
        ],
        [
          0,
          0,
          0,
          1
        ]
      ]
    },
    {
      "videoFrameIndex": 52,
      "timestamp": 714225.814799375,
      "position": [
        0.5653375931500576,
        -0.4521172195733569,
        -0.1486218002074323
      ],
      "transformMatrix": [
        [
          0.7354268824205987,
          -0.16628472361944918,
          0.656884082511473,
          0.5653375931500576
        ],
        [
          0.6769121572529827,
          0.13649079028239786,
          -0.7232981861871528,
          -0.4521172195733569
        ],
        [
          0.030614810490995924,
          0.9765857471887228,
          0.21293915006698505,
          -0.1486218002074323
        ],
        [
          0,
          0,
          0,
          1
        ]
      ]
    },
    {
      "videoFrameIndex": 53,
      "timestamp": 714225.848133375,
      "position": [
        0.5657607378358773,
        -0.43981583978266986,
        -0.1486139003423914
      ],
      "transformMatrix": [
        [
          0.7291221913190299,
          -0.16580029903643215,
          0.6639963083621648,
          0.5657607378358773
        ],
        [
          0.6838573502309631,
          0.13846391532439406,
          -0.7163567123288161,
          -0.43981583978266986
        ],
        [
          0.02683262753679179,
          0.9763903275569145,
          0.21434086921905215,
          -0.1486139003423914
        ],
        [
          0,
          0,
          0,
          1
        ]
      ]
    },
    {
      "videoFrameIndex": 54,
      "timestamp": 714225.8814663751,
      "position": [
        0.5661179373573799,
        -0.4271910948723053,
        -0.14880617214996006
      ],
      "transformMatrix": [
        [
          0.7232615171769953,
          -0.1670936776296078,
